  0.0000000e+000  3.8265303e+000  7.1225069e+000  8.0258052e+000  5.9471060e+000  6.6118588e+000  1.0139529e+001  1.0700979e+001  1.0268520e+001  1.2692189e+001  1.5167001e+001  1.5528082e+001  1.7336353e+001  2.1136878e+001  2.3509748e+001  2.6615809e+001  2.7489288e+001  2.6700302e+001  2.7247073e+001  2.4510158e+001  2.4801563e+001  2.7395105e+001  2.9331101e+001  2.8455277e+001  2.8262041e+001  2.4761272e+001  2.3377684e+001  2.0161458e+001  1.6837061e+001  1.8467014e+001  2.0877968e+001  2.3934764e+001  2.7145822e+001  2.9894857e+001  3.1017647e+001  3.4367587e+001  3.5722526e+001  3.6875120e+001  3.4987720e+001  3.6986198e+001  3.5714915e+001  3.2132165e+001  3.2998117e+001  3.4535194e+001  3.1530973e+001  2.9411368e+001  3.1846380e+001  3.1964087e+001  2.8164136e+001  2.8046153e+001  3.1422321e+001  3.2982351e+001  3.4680159e+001  3.2031612e+001  3.3944225e+001  3.0915097e+001  2.8725070e+001  2.6144909e+001  2.4312273e+001  2.0613686e+001  2.0726931e+001  2.2497605e+001  1.9928567e+001  1.7193141e+001  1.9488181e+001  2.0119338e+001  1.6429268e+001  1.6078438e+001  1.9213417e+001  1.8245701e+001  1.5066281e+001  1.7311960e+001  2.0098829e+001  1.8207512e+001  1.7296774e+001  2.0951575e+001  2.2383123e+001  2.0860796e+001  2.2256707e+001  2.5615101e+001  2.5881201e+001  2.8089412e+001  2.6753845e+001  2.3075102e+001  2.2933766e+001  2.4141004e+001  2.1639161e+001  1.8689104e+001  2.0301852e+001  2.0704196e+001  1.7120372e+001  1.4533056e+001  1.1249119e+001  9.2785281e+000  1.2443999e+001  1.2923825e+001  9.9716363e+000  1.1976500e+001  1.5155930e+001  1.4032264e+001  1.3223307e+001  1.6757882e+001  1.8441339e+001  1.7198355e+001  1.8586480e+001  2.1740378e+001  2.2566156e+001  2.3379965e+001  2.6662396e+001  2.5479608e+001  2.2967509e+001  2.5564944e+001  2.7843095e+001  2.5881383e+001  2.8109359e+001  2.8284502e+001  2.4592488e+001  2.3807315e+001  2.6438955e+001  2.5104187e+001  2.1568154e+001  2.3366827e+001  2.5379209e+001  2.2395727e+001  2.3942458e+001  2.0888125e+001  2.2863936e+001  2.5336524e+001  2.3045044e+001  2.1276159e+001  2.4815407e+001  2.5926514e+001  2.2989915e+001  2.3921215e+001  2.7470452e+001  2.6798196e+001  2.7437222e+001  2.3689629e+001  2.3056198e+001  2.6209820e+001  2.5507145e+001  2.1841870e+001  2.1496924e+001  1.8576991e+001  1.6213341e+001  1.7818230e+001  1.7370545e+001  1.3649564e+001  1.3634247e+001  1.6419024e+001  1.4835462e+001  1.1970651e+001  1.4991924e+001  1.6947878e+001  1.4848466e+001  1.2548813e+001  9.8537449e+000  7.1915557e+000  1.0100341e+001  1.0961256e+001  8.1507024e+000  9.2993944e+000  1.1709785e+001  9.9508791e+000
  3.8265303e+000  0.0000000e+000  3.8061185e+000  5.4732956e+000  5.4419485e+000  5.9271286e+000  8.5962834e+000  9.9513831e+000  1.0615766e+001  1.2394585e+001  1.4350672e+001  1.5272543e+001  1.6801193e+001  2.0470701e+001  2.2642275e+001  2.5645330e+001  2.6187338e+001  2.5626833e+001  2.6106151e+001  2.3327226e+001  2.3894559e+001  2.6080684e+001  2.8049876e+001  2.6774263e+001  2.6545997e+001  2.3026472e+001  2.1774811e+001  1.8684150e+001  1.5276451e+001  1.6682222e+001  1.8625672e+001  2.1646458e+001  2.4803291e+001  2.7532841e+001  2.8797424e+001  3.2193226e+001  3.3872800e+001  3.4967389e+001  3.3260704e+001  3.5035396e+001  3.3480866e+001  3.0045014e+001  3.0994738e+001  3.2195245e+001  2.9015709e+001  2.7134614e+001  2.9521421e+001  2.9282219e+001  2.5453858e+001  2.5595185e+001  2.8876351e+001  3.0759852e+001  3.2682142e+001  3.0279024e+001  3.2388318e+001  2.9417488e+001  2.7460545e+001  2.4740512e+001  2.3166278e+001  1.9634697e+001  1.9262269e+001  2.0622746e+001  1.8188071e+001  1.5279752e+001  1.7039363e+001  1.7495750e+001  1.3834757e+001  1.3059676e+001  1.5933627e+001  1.5018511e+001  1.1605450e+001  1.3609421e+001  1.6450481e+001  1.4668400e+001  1.3562412e+001  1.7166535e+001  1.8755131e+001  1.7376249e+001  1.8643408e+001  2.1966324e+001  2.2443729e+001  2.4802647e+001  2.3744943e+001  2.0014657e+001  1.9711940e+001  2.1262587e+001  1.9049721e+001  1.5833664e+001  1.7509892e+001  1.8443149e+001  1.5104683e+001  1.2959863e+001  9.3296030e+000  8.1001675e+000  1.0906046e+001  1.0343158e+001  7.3002444e+000  1.0114222e+001  1.2658734e+001  1.0966489e+001  1.0819497e+001  1.4510671e+001  1.5585439e+001  1.4389961e+001  1.6365961e+001  1.9364155e+001  1.9690828e+001  2.0271552e+001  2.3719942e+001  2.2923873e+001  2.0431470e+001  2.2823301e+001  2.5398304e+001  2.3781773e+001  2.5923954e+001  2.6522275e+001  2.2986026e+001  2.1747298e+001  2.4516280e+001  2.3683693e+001  2.0029958e+001  2.1488367e+001  2.3932852e+001  2.1349423e+001  2.3233455e+001  2.0492135e+001  2.2860988e+001  2.4882456e+001  2.2190432e+001  2.0895387e+001  2.4516584e+001  2.5072902e+001  2.1982377e+001  2.3388493e+001  2.6676580e+001  2.5680500e+001  2.6285676e+001  2.2498939e+001  2.2437555e+001  2.5736517e+001  2.4858774e+001  2.1406930e+001  2.1527281e+001  1.9074457e+001  1.6129153e+001  1.7394133e+001  1.7681354e+001  1.4122431e+001  1.3145518e+001  1.6129752e+001  1.5362957e+001  1.2049152e+001  1.4402269e+001  1.7058739e+001  1.5545505e+001  1.2737419e+001  1.1066419e+001  9.0086752e+000  1.2481014e+001  1.2764891e+001  1.0277664e+001  1.2394029e+001  1.4544836e+001  1.2253174e+001
  7.1225069e+000  3.8061185e+000  0.0000000e+000  3.7567594e+000  5.6278118e+000  4.9303644e+000  6.0366425e+000  8.4090046e+000  9.7216398e+000  1.0534098e+001  1.2015864e+001  1.3623250e+001  1.5175616e+001  1.8595565e+001  2.0814560e+001  2.3501587e+001  2.3596491e+001  2.3003602e+001  2.3256792e+001  2.0391886e+001  2.1072295e+001  2.2936728e+001  2.4956309e+001  2.3489019e+001  2.3381635e+001  1.9961534e+001  1.9052206e+001  1.6309751e+001  1.2748335e+001  1.3621359e+001  1.5383498e+001  1.8199530e+001  2.1426677e+001  2.4008284e+001  2.5219428e+001  2.8667560e+001  3.0506099e+001  3.1674181e+001  3.0178296e+001  3.1923250e+001  3.0168933e+001  2.6846765e+001  2.8034768e+001  2.9089106e+001  2.5783935e+001  2.4177518e+001  2.6738609e+001  2.6308987e+001  2.2513259e+001  2.3057854e+001  2.6396222e+001  2.8427361e+001  3.0287891e+001  2.7971002e+001  3.0015455e+001  2.6949780e+001  2.5356460e+001  2.2797474e+001  2.1733611e+001  1.8500130e+001  1.8119281e+001  1.8803547e+001  1.6172686e+001  1.3600023e+001  1.5060712e+001  1.4832999e+001  1.1146213e+001  1.0704565e+001  1.3084948e+001  1.1627806e+001  8.2353309e+000  1.0701882e+001  1.3117634e+001  1.1094886e+001  1.0519806e+001  1.4221838e+001  1.5436551e+001  1.4327560e+001  1.6034971e+001  1.9081077e+001  1.9424401e+001  2.2049711e+001  2.0983314e+001  1.7278313e+001  1.7357877e+001  1.9349502e+001  1.7165958e+001  1.3998881e+001  1.6261178e+001  1.7536112e+001  1.4437930e+001  1.3224822e+001  9.8509990e+000  8.6539015e+000  1.0236968e+001  8.9064741e+000  5.3940259e+000  8.0677589e+000  9.9836467e+000  7.6501625e+000  7.4562020e+000  1.1233623e+001  1.1969542e+001  1.0612400e+001  1.2802504e+001  1.5751973e+001  1.5947498e+001  1.6677540e+001  2.0137160e+001  1.9413154e+001  1.7148541e+001  1.9642691e+001  2.2230175e+001  2.0943251e+001  2.3276023e+001  2.4258359e+001  2.0860436e+001  1.9538472e+001  2.2617691e+001  2.2198862e+001  1.8653581e+001  2.0150804e+001  2.2966169e+001  2.0786968e+001  2.2566840e+001  1.9959846e+001  2.2333293e+001  2.3857722e+001  2.0798766e+001  1.9661138e+001  2.3153935e+001  2.3224436e+001  1.9893786e+001  2.1450528e+001  2.4461285e+001  2.3072402e+001  2.3461690e+001  1.9672965e+001  2.0114934e+001  2.3386236e+001  2.2270102e+001  1.9041557e+001  1.9647913e+001  1.7646728e+001  1.4278262e+001  1.5370214e+001  1.6426709e+001  1.3173995e+001  1.1575314e+001  1.4834407e+001  1.4980892e+001  1.1761799e+001  1.3636031e+001  1.6808551e+001  1.6137491e+001  1.3467378e+001  1.2580710e+001  1.0595103e+001  1.3968584e+001  1.3304715e+001  1.1128961e+001  1.4064641e+001  1.5728114e+001  1.3077939e+001
  8.0258052e+000  5.4732956e+000  3.7567594e+000  0.0000000e+000  3.8058882e+000  5.2930522e+000  5.3172030e+000  6.0320127e+000  8.4697527e+000  9.9897132e+000  1.0576218e+001  1.1381582e+001  1.2229009e+001  1.5677807e+001  1.7592681e+001  2.0537701e+001  2.1027981e+001  2.0808508e+001  2.1600446e+001  1.9170193e+001  2.0409465e+001  2.2469550e+001  2.3971025e+001  2.2330053e+001  2.1669278e+001  1.8024696e+001  1.6528137e+001  1.3394067e+001  1.0128626e+001  1.1895328e+001  1.3505389e+001  1.6799674e+001  1.9721452e+001  2.2698436e+001  2.4314019e+001  2.7507306e+001  2.9159010e+001  2.9972308e+001  2.8119892e+001  2.9750863e+001  2.8287554e+001  2.4808823e+001  2.5595071e+001  2.6822255e+001  2.3733008e+001  2.1711445e+001  2.4090372e+001  2.3999133e+001  2.0185938e+001  2.0271924e+001  2.3662356e+001  2.5437112e+001  2.7258909e+001  2.4848260e+001  2.6968651e+001  2.4033165e+001  2.2154144e+001  1.9434872e+001  1.8129597e+001  1.4808499e+001  1.4480626e+001  1.5410052e+001  1.2821742e+001  1.0110269e+001  1.1999938e+001  1.2188067e+001  8.4725215e+000  8.3497916e+000  1.1411003e+001  1.0471952e+001  7.7595908e+000  1.0504696e+001  1.3141169e+001  1.1963410e+001  1.2022797e+001  1.5358892e+001  1.6750894e+001  1.6440269e+001  1.8114203e+001  2.0831641e+001  2.1498414e+001  2.4472585e+001  2.3643636e+001  2.0001967e+001  2.0136111e+001  2.2491497e+001  2.0512425e+001  1.7297149e+001  1.9541774e+001  2.1099927e+001  1.8124106e+001  1.6879066e+001  1.3364564e+001  1.2263633e+001  1.3961416e+001  1.2547248e+001  9.0578361e+000  1.1333062e+001  1.3050297e+001  1.0191749e+001  9.4254946e+000  1.3173724e+001  1.3574544e+001  1.1217373e+001  1.3322179e+001  1.6649778e+001  1.6894552e+001  1.8192576e+001  2.1639601e+001  2.0969364e+001  1.9259904e+001  2.1941204e+001  2.4439519e+001  2.3493080e+001  2.6080045e+001  2.7284298e+001  2.3947822e+001  2.2730063e+001  2.5967925e+001  2.5669171e+001  2.2209239e+001  2.3745558e+001  2.6638773e+001  2.4502788e+001  2.6171645e+001  2.3460050e+001  2.5626317e+001  2.7148979e+001  2.4057183e+001  2.2666627e+001  2.6001631e+001  2.6064231e+001  2.2548299e+001  2.3758007e+001  2.6708865e+001  2.4994628e+001  2.4863324e+001  2.1053872e+001  2.1688828e+001  2.4617235e+001  2.2982376e+001  1.9698560e+001  2.0744092e+001  1.8496114e+001  1.5200498e+001  1.7015699e+001  1.8283029e+001  1.4974142e+001  1.3973738e+001  1.7534393e+001  1.7678088e+001  1.4806062e+001  1.7011981e+001  2.0074040e+001  1.9349644e+001  1.6890332e+001  1.5526125e+001  1.2950646e+001  1.5939741e+001  1.5000977e+001  1.2149220e+001  1.4695126e+001  1.5575524e+001  1.2345968e+001
  5.9471060e+000  5.4419485e+000  5.6278118e+000  3.8058882e+000  0.0000000e+000  3.7607187e+000  5.5812727e+000  5.0306984e+000  6.0869956e+000  8.7428577e+000  1.0131069e+001  1.0215805e+001  1.1609800e+001  1.5372250e+001  1.7669915e+001  2.0745467e+001  2.1622978e+001  2.1053398e+001  2.1899364e+001  1.9472411e+001  2.0363123e+001  2.2951125e+001  2.4436911e+001  2.3306748e+001  2.2731567e+001  1.9122178e+001  1.7504764e+001  1.4220821e+001  1.0983017e+001  1.3006198e+001  1.5360726e+001  1.8628802e+001  2.1651754e+001  2.4600686e+001  2.5988030e+001  2.9137109e+001  3.0382842e+001  3.1298826e+001  2.9244996e+001  3.1183734e+001  3.0063478e+001  2.6410705e+001  2.7138653e+001  2.8801096e+001  2.5936653e+001  2.3653443e+001  2.6132721e+001  2.6492509e+001  2.2754311e+001  2.2561020e+001  2.6072911e+001  2.7429456e+001  2.8926227e+001  2.6189683e+001  2.8022387e+001  2.4968486e+001  2.2826264e+001  2.0329385e+001  1.8743718e+001  1.5172197e+001  1.5590581e+001  1.7018062e+001  1.4169422e+001  1.1796334e+001  1.4454499e+001  1.4795806e+001  1.1129175e+001  1.1648189e+001  1.4878998e+001  1.3788239e+001  1.1375995e+001  1.4297765e+001  1.6790012e+001  1.5319119e+001  1.5484200e+001  1.8975782e+001  2.0138844e+001  1.9528460e+001  2.1394976e+001  2.4220560e+001  2.4587629e+001  2.7391047e+001  2.6200438e+001  2.2563477e+001  2.2904181e+001  2.4904312e+001  2.2537394e+001  1.9526210e+001  2.1805994e+001  2.2844364e+001  1.9508325e+001  1.7836194e+001  1.4407246e+001  1.2528476e+001  1.4627878e+001  1.4173151e+001  1.0469652e+001  1.2134680e+001  1.4710642e+001  1.2546377e+001  1.0967940e+001  1.4634656e+001  1.5881050e+001  1.3585580e+001  1.4866555e+001  1.8405296e+001  1.9314384e+001  2.0873651e+001  2.4121204e+001  2.2954180e+001  2.1185839e+001  2.4147450e+001  2.6312697e+001  2.4961680e+001  2.7697078e+001  2.8471536e+001  2.4924988e+001  2.4187270e+001  2.7359966e+001  2.6555897e+001  2.3163786e+001  2.5107257e+001  2.7645322e+001  2.5107291e+001  2.6441294e+001  2.3375623e+001  2.5168834e+001  2.7091377e+001  2.4312040e+001  2.2401736e+001  2.5675966e+001  2.6266626e+001  2.2822806e+001  2.3526796e+001  2.6773540e+001  2.5346080e+001  2.5213829e+001  2.1396739e+001  2.1425171e+001  2.4212928e+001  2.2706017e+001  1.9122251e+001  1.9737041e+001  1.6939397e+001  1.4133318e+001  1.6448252e+001  1.7069407e+001  1.3511388e+001  1.3456921e+001  1.7009312e+001  1.6492537e+001  1.4000019e+001  1.6894273e+001  1.9444680e+001  1.8326982e+001  1.6298855e+001  1.4182184e+001  1.1012207e+001  1.3472904e+001  1.2598366e+001  9.2689668e+000  1.1318297e+001  1.1986720e+001  8.7495566e+000
  6.6118588e+000  5.9271286e+000  4.9303644e+000  5.2930522e+000  3.7607187e+000  0.0000000e+000  3.7864001e+000  5.4866510e+000  5.1631264e+000  6.4901637e+000  8.8712771e+000  1.0132893e+001  1.2510464e+001  1.6103841e+001  1.8903674e+001  2.1508853e+001  2.1822535e+001  2.0700538e+001  2.0900613e+001  1.8004667e+001  1.8307336e+001  2.0806504e+001  2.2763008e+001  2.1919463e+001  2.1953252e+001  1.8611758e+001  1.7718853e+001  1.4992676e+001  1.1321668e+001  1.2261328e+001  1.5042145e+001  1.7790918e+001  2.1193906e+001  2.3711135e+001  2.4602053e+001  2.7977404e+001  2.9262888e+001  3.0598436e+001  2.8898071e+001  3.1091674e+001  2.9756037e+001  2.6208505e+001  2.7445786e+001  2.9095457e+001  2.6064730e+001  2.4184026e+001  2.7035963e+001  2.7216786e+001  2.3532439e+001  2.3891068e+001  2.7506679e+001  2.8986051e+001  3.0298239e+001  2.7534193e+001  2.9102530e+001  2.5777559e+001  2.4073873e+001  2.1963216e+001  2.0929008e+001  1.7616144e+001  1.8258077e+001  1.9085154e+001  1.5877562e+001  1.4010073e+001  1.6431999e+001  1.5949705e+001  1.2185302e+001  1.3102855e+001  1.5696536e+001  1.3751596e+001  1.1248985e+001  1.4498287e+001  1.6397963e+001  1.4151118e+001  1.4553490e+001  1.8255244e+001  1.8813915e+001  1.7793163e+001  2.0105173e+001  2.2890133e+001  2.2721056e+001  2.5329256e+001  2.3729743e+001  2.0189746e+001  2.0964220e+001  2.2744988e+001  2.0037092e+001  1.7396174e+001  2.0059521e+001  2.0728155e+001  1.7312161e+001  1.6037739e+001  1.3068115e+001  1.0552670e+001  1.1978338e+001  1.1981547e+001  8.1900697e+000  8.9230518e+000  1.1787325e+001  1.0236321e+001  8.0620018e+000  1.1527730e+001  1.3399404e+001  1.1591451e+001  1.2383925e+001  1.5785419e+001  1.7079158e+001  1.8619545e+001  2.1654617e+001  2.0136043e+001  1.8207989e+001  2.1310875e+001  2.3229851e+001  2.1630870e+001  2.4439272e+001  2.5032063e+001  2.1440822e+001  2.0984739e+001  2.4192302e+001  2.3252202e+001  2.0013045e+001  2.2259415e+001  2.4708194e+001  2.2183821e+001  2.3225014e+001  2.0090124e+001  2.1729664e+001  2.3536697e+001  2.0742700e+001  1.8733189e+001  2.1953280e+001  2.2544134e+001  1.9103381e+001  1.9778637e+001  2.3055289e+001  2.1747112e+001  2.1809949e+001  1.7995826e+001  1.7857428e+001  2.0800146e+001  1.9578662e+001  1.5993200e+001  1.6382407e+001  1.3782382e+001  1.0800402e+001  1.2811745e+001  1.3466151e+001  9.9653936e+000  9.7063119e+000  1.3299825e+001  1.3037044e+001  1.0695624e+001  1.3552575e+001  1.6144633e+001  1.5458179e+001  1.3741143e+001  1.2012771e+001  8.9254921e+000  1.1333625e+001  9.8536829e+000  7.1486628e+000  1.0228050e+001  1.1218064e+001  8.4509607e+000
  1.0139529e+001  8.5962834e+000  6.0366425e+000  5.3172030e+000  5.5812727e+000  3.7864001e+000  0.0000000e+000  3.8213402e+000  5.1557605e+000  4.9927745e+000  5.9886767e+000  7.9940256e+000  1.0167781e+001  1.3427800e+001  1.6205131e+001  1.8517788e+001  1.8472229e+001  1.7420228e+001  1.7581529e+001  1.4733278e+001  1.5453035e+001  1.7714236e+001  1.9496904e+001  1.8365997e+001  1.8305568e+001  1.4952451e+001  1.4241006e+001  1.1809253e+001  8.0029926e+000  8.5495472e+000  1.1300834e+001  1.4006508e+001  1.7415687e+001  1.9935306e+001  2.0921625e+001  2.4260096e+001  2.5619341e+001  2.6898911e+001  2.5263142e+001  2.7409195e+001  2.5994229e+001  2.2480677e+001  2.3830146e+001  2.5430913e+001  2.2373843e+001  2.0614819e+001  2.3603592e+001  2.3758276e+001  2.0148560e+001  2.0751222e+001  2.4422834e+001  2.5908297e+001  2.7099562e+001  2.4381410e+001  2.5875317e+001  2.2484985e+001  2.1078824e+001  1.9138742e+001  1.8603651e+001  1.5663695e+001  1.6378000e+001  1.6549915e+001  1.3147431e+001  1.1832319e+001  1.4080847e+001  1.2947498e+001  9.3215574e+000  1.1001210e+001  1.3126127e+001  1.0757803e+001  9.0005674e+000  1.2659895e+001  1.3998532e+001  1.1922774e+001  1.3209794e+001  1.6638655e+001  1.6829800e+001  1.6439853e+001  1.9066727e+001  2.1378593e+001  2.1203145e+001  2.4139838e+001  2.2663360e+001  1.9269060e+001  2.0385067e+001  2.2640279e+001  2.0133044e+001  1.7588208e+001  2.0591876e+001  2.1655085e+001  1.8585681e+001  1.7978936e+001  1.5122000e+001  1.2983217e+001  1.3620243e+001  1.2925703e+001  9.2335829e+000  9.5848372e+000  1.1475430e+001  9.2673665e+000  6.6212954e+000  9.8558545e+000  1.1212616e+001  8.6569864e+000  9.3641592e+000  1.2982764e+001  1.4272345e+001  1.6308312e+001  1.9256146e+001  1.7809517e+001  1.6457646e+001  1.9712340e+001  2.1550261e+001  2.0473705e+001  2.3536831e+001  2.4599580e+001  2.1247550e+001  2.0744635e+001  2.4227895e+001  2.3758034e+001  2.0710479e+001  2.2898806e+001  2.5667258e+001  2.3572009e+001  2.4529744e+001  2.1587621e+001  2.3172178e+001  2.4468840e+001  2.1369321e+001  1.9508075e+001  2.2463138e+001  2.2532355e+001  1.8842629e+001  1.9516498e+001  2.2402101e+001  2.0526051e+001  2.0080888e+001  1.6281150e+001  1.6838809e+001  1.9534863e+001  1.7763941e+001  1.4436470e+001  1.5671221e+001  1.3572714e+001  1.0191852e+001  1.2325837e+001  1.3986829e+001  1.1056705e+001  1.0376419e+001  1.4138313e+001  1.4812729e+001  1.2776593e+001  1.5070896e+001  1.7994100e+001  1.7993753e+001  1.6373008e+001  1.5209760e+001  1.2357842e+001  1.4575437e+001  1.2449589e+001  1.0124454e+001  1.3351016e+001  1.3587479e+001  1.0484083e+001
  1.0700979e+001  9.9513831e+000  8.4090046e+000  6.0320127e+000  5.0306984e+000  5.4866510e+000  3.8213402e+000  0.0000000e+000  3.7709830e+000  5.5532011e+000  5.4612191e+000  5.4396299e+000  7.0902894e+000  1.0735579e+001  1.3433486e+001  1.6161163e+001  1.6821643e+001  1.6051368e+001  1.6923244e+001  1.4668718e+001  1.5871881e+001  1.8552513e+001  1.9701172e+001  1.8626669e+001  1.7950995e+001  1.4393723e+001  1.2872251e+001  9.8514158e+000  6.4956242e+000  8.5118022e+000  1.1316946e+001  1.4475933e+001  1.7467262e+001  2.0371650e+001  2.1698603e+001  2.4688214e+001  2.5666532e+001  2.6579574e+001  2.4461903e+001  2.6594765e+001  2.5657236e+001  2.1929968e+001  2.2773970e+001  2.4736090e+001  2.2041960e+001  1.9725911e+001  2.2507858e+001  2.3205842e+001  1.9658208e+001  1.9623382e+001  2.3339764e+001  2.4369286e+001  2.5384299e+001  2.2429068e+001  2.3877041e+001  2.0586477e+001  1.8704501e+001  1.6697649e+001  1.5755910e+001  1.2612947e+001  1.3848601e+001  1.4502732e+001  1.1036196e+001  9.9074028e+000  1.2911047e+001  1.2336033e+001  8.9528347e+000  1.1076723e+001  1.3760000e+001  1.2059621e+001  1.0929094e+001  1.4462696e+001  1.6081858e+001  1.4713085e+001  1.6084880e+001  1.9293946e+001  1.9768723e+001  1.9785532e+001  2.2224108e+001  2.4452636e+001  2.4553520e+001  2.7643751e+001  2.6326861e+001  2.2937620e+001  2.3929029e+001  2.6291943e+001  2.3876519e+001  2.1198767e+001  2.4033577e+001  2.5189895e+001  2.2044492e+001  2.1083457e+001  1.7956120e+001  1.5842962e+001  1.7001790e+001  1.6395804e+001  1.2621285e+001  1.3248829e+001  1.5288320e+001  1.2930484e+001  1.0404524e+001  1.3461707e+001  1.4637479e+001  1.1611076e+001  1.2070302e+001  1.5806638e+001  1.7176329e+001  1.9530174e+001  2.2412840e+001  2.0979199e+001  1.9979190e+001  2.3290529e+001  2.5028375e+001  2.4071490e+001  2.7236902e+001  2.8292361e+001  2.4933420e+001  2.4546505e+001  2.8030174e+001  2.7470316e+001  2.4424005e+001  2.6644875e+001  2.9348843e+001  2.7108021e+001  2.8013406e+001  2.4919728e+001  2.6318046e+001  2.7817847e+001  2.4861180e+001  2.2725980e+001  2.5566776e+001  2.5860437e+001  2.2169240e+001  2.2437191e+001  2.5357836e+001  2.3418816e+001  2.2595093e+001  1.8895092e+001  1.9321791e+001  2.1594165e+001  1.9469216e+001  1.6064486e+001  1.7432366e+001  1.4884387e+001  1.2045847e+001  1.4901304e+001  1.6277280e+001  1.3271893e+001  1.3453409e+001  1.7207661e+001  1.7458207e+001  1.5676496e+001  1.8386857e+001  2.1025193e+001  2.0671092e+001  1.9167840e+001  1.7403442e+001  1.4094408e+001  1.5906279e+001  1.3863181e+001  1.0868118e+001  1.3296029e+001  1.2690663e+001  9.1004891e+000
  1.0268520e+001  1.0615766e+001  9.7216398e+000  8.4697527e+000  6.0869956e+000  5.1631264e+000  5.1557605e+000  3.7709830e+000  0.0000000e+000  3.7567650e+000  5.7905180e+000  5.7949157e+000  8.8054338e+000  1.2301891e+001  1.5511372e+001  1.7954716e+001  1.8589036e+001  1.7153128e+001  1.7593032e+001  1.5066391e+001  1.5431646e+001  1.8530540e+001  1.9983137e+001  1.9605003e+001  1.9443045e+001  1.6223156e+001  1.5149807e+001  1.2552664e+001  9.3397534e+000  1.0568359e+001  1.3962344e+001  1.6624599e+001  1.9832170e+001  2.2370335e+001  2.3174460e+001  2.6233938e+001  2.6904460e+001  2.8162243e+001  2.6140999e+001  2.8638404e+001  2.7838924e+001  2.4117086e+001  2.5201042e+001  2.7419477e+001  2.4819917e+001  2.2609866e+001  2.5581936e+001  2.6432048e+001  2.2997283e+001  2.3063728e+001  2.6821683e+001  2.7668227e+001  2.8392797e+001  2.5258750e+001  2.6336323e+001  2.2883847e+001  2.1079830e+001  1.9496738e+001  1.8605227e+001  1.5500741e+001  1.7182372e+001  1.7964914e+001  1.4408428e+001  1.3562189e+001  1.6665804e+001  1.5972179e+001  1.2626112e+001  1.4724904e+001  1.7306088e+001  1.5259433e+001  1.3893312e+001  1.7510191e+001  1.8979629e+001  1.7045626e+001  1.8324108e+001  2.1778152e+001  2.1946867e+001  2.1463874e+001  2.4128711e+001  2.6498731e+001  2.6171968e+001  2.8982772e+001  2.7231273e+001  2.3903428e+001  2.5150284e+001  2.7101113e+001  2.4288882e+001  2.1928257e+001  2.4864473e+001  2.5475685e+001  2.2087016e+001  2.0990228e+001  1.8177009e+001  1.5416854e+001  1.6529342e+001  1.6773574e+001  1.3017760e+001  1.2883616e+001  1.5548884e+001  1.4024772e+001  1.0973491e+001  1.3700819e+001  1.5767222e+001  1.3270083e+001  1.2920275e+001  1.6560898e+001  1.8558705e+001  2.0924358e+001  2.3546947e+001  2.1598001e+001  2.0409863e+001  2.3905228e+001  2.5271258e+001  2.3841681e+001  2.7077720e+001  2.7658441e+001  2.4151942e+001  2.4272527e+001  2.7642622e+001  2.6613497e+001  2.3736938e+001  2.6352305e+001  2.8692370e+001  2.6172874e+001  2.6670846e+001  2.3321377e+001  2.4300517e+001  2.6059463e+001  2.3420795e+001  2.0838585e+001  2.3536932e+001  2.4299424e+001  2.0753282e+001  2.0541591e+001  2.3710880e+001  2.2149422e+001  2.1478674e+001  1.7838886e+001  1.7555977e+001  1.9747209e+001  1.7966095e+001  1.4284313e+001  1.5032234e+001  1.2001544e+001  9.7012546e+000  1.2913340e+001  1.3629267e+001  1.0567159e+001  1.1668055e+001  1.5240590e+001  1.5038838e+001  1.3838774e+001  1.6951669e+001  1.9076568e+001  1.8635286e+001  1.7707504e+001  1.5628779e+001  1.2090285e+001  1.3157047e+001  1.0781868e+001  7.8648088e+000  1.0206433e+001  9.2713185e+000  5.9269684e+000
  1.2692189e+001  1.2394585e+001  1.0534098e+001  9.9897132e+000  8.7428577e+000  6.4901637e+000  4.9927745e+000  5.5532011e+000  3.7567650e+000  0.0000000e+000  3.7963693e+000  5.9888880e+000  9.5304240e+000  1.2377898e+001  1.5862372e+001  1.7634893e+001  1.7506032e+001  1.5576532e+001  1.5296208e+001  1.2298676e+001  1.2215013e+001  1.5164015e+001  1.7000266e+001  1.6801909e+001  1.7215440e+001  1.4341191e+001  1.4128421e+001  1.2355474e+001  8.9760291e+000  8.7671501e+000  1.2443090e+001  1.4435324e+001  1.7907414e+001  1.9982961e+001  2.0337079e+001  2.3553308e+001  2.4277540e+001  2.5897014e+001  2.4259658e+001  2.6942442e+001  2.5912549e+001  2.2351441e+001  2.3942739e+001  2.6085931e+001  2.3368571e+001  2.1615637e+001  2.4912202e+001  2.5570673e+001  2.2283309e+001  2.2914152e+001  2.6702311e+001  2.7667299e+001  2.8202796e+001  2.5137936e+001  2.5960065e+001  2.2300054e+001  2.1083356e+001  1.9923488e+001  1.9737052e+001  1.7089897e+001  1.8778783e+001  1.8814843e+001  1.5067494e+001  1.4781102e+001  1.7473260e+001  1.5959732e+001  1.2801439e+001  1.5293555e+001  1.7154288e+001  1.4432807e+001  1.3453329e+001  1.7226977e+001  1.7976486e+001  1.5655071e+001  1.7453333e+001  2.0787467e+001  2.0322737e+001  1.9855228e+001  2.2919266e+001  2.4968205e+001  2.4226630e+001  2.6986307e+001  2.4999424e+001  2.1916666e+001  2.3647237e+001  2.5616884e+001  2.2710439e+001  2.0755099e+001  2.4045467e+001  2.4568732e+001  2.1381019e+001  2.0910104e+001  1.8522437e+001  1.5666040e+001  1.5897452e+001  1.6132313e+001  1.2628042e+001  1.1582195e+001  1.3789222e+001  1.2600887e+001  9.0408023e+000  1.0979353e+001  1.3306818e+001  1.0998178e+001  9.8297295e+000  1.3326421e+001  1.5751773e+001  1.8353663e+001  2.0626006e+001  1.8385161e+001  1.7466599e+001  2.1114759e+001  2.2142218e+001  2.0805241e+001  2.4221464e+001  2.4887825e+001  2.1535649e+001  2.1910612e+001  2.5394412e+001  2.4519370e+001  2.1945873e+001  2.4723097e+001  2.7113696e+001  2.4879538e+001  2.5085449e+001  2.1849525e+001  2.2636743e+001  2.3972586e+001  2.1197575e+001  1.8630814e+001  2.1048758e+001  2.1503348e+001  1.7853189e+001  1.7528625e+001  2.0461369e+001  1.8656886e+001  1.7799384e+001  1.4183772e+001  1.4134910e+001  1.6262491e+001  1.4350929e+001  1.0748035e+001  1.1903532e+001  9.4075645e+000  6.6229521e+000  9.8376142e+000  1.1298231e+001  8.8778255e+000  9.6461949e+000  1.3173830e+001  1.3795855e+001  1.3033009e+001  1.5653468e+001  1.7897713e+001  1.8208296e+001  1.7586544e+001  1.6179317e+001  1.3044546e+001  1.3992235e+001  1.0928092e+001  9.1102758e+000  1.2141615e+001  1.1318668e+001  8.6966249e+000
  1.5167001e+001  1.4350672e+001  1.2015864e+001  1.0576218e+001  1.0131069e+001  8.8712771e+000  5.9886767e+000  5.4612191e+000  5.7905180e+000  3.7963693e+000  0.0000000e+000  3.7654252e+000  6.7166984e+000  9.0543815e+000  1.2480153e+001  1.4036834e+001  1.3766133e+001  1.2045150e+001  1.2116866e+001  9.4735532e+000  1.0415189e+001  1.3234756e+001  1.4457847e+001  1.3832661e+001  1.3754272e+001  1.0695702e+001  1.0342354e+001  8.8120965e+000  5.7254263e+000  5.3839407e+000  9.1488886e+000  1.1237452e+001  1.4480054e+001  1.6769287e+001  1.7459754e+001  2.0464115e+001  2.1136321e+001  2.2480976e+001  2.0664155e+001  2.3263152e+001  2.2342387e+001  1.8704516e+001  2.0177955e+001  2.2407161e+001  1.9822352e+001  1.7958621e+001  2.1281864e+001  2.2123737e+001  1.8979508e+001  1.9585394e+001  2.3380067e+001  2.4176454e+001  2.4542957e+001  2.1465365e+001  2.2214352e+001  1.8535169e+001  1.7459735e+001  1.6476302e+001  1.6695513e+001  1.4483468e+001  1.6341876e+001  1.5881260e+001  1.2070254e+001  1.2527141e+001  1.5123853e+001  1.3249656e+001  1.0631116e+001  1.3762924e+001  1.5285573e+001  1.2631852e+001  1.2630288e+001  1.6392266e+001  1.6800155e+001  1.5075348e+001  1.7446469e+001  2.0362921e+001  1.9823505e+001  2.0076908e+001  2.3146238e+001  2.4778778e+001  2.4264821e+001  2.7343803e+001  2.5664222e+001  2.2707099e+001  2.4489199e+001  2.6894281e+001  2.4311742e+001  2.2266703e+001  2.5612756e+001  2.6575835e+001  2.3648493e+001  2.3426051e+001  2.0865510e+001  1.8427685e+001  1.8555217e+001  1.8147965e+001  1.4681304e+001  1.3976055e+001  1.5446929e+001  1.3602256e+001  1.0272692e+001  1.1941318e+001  1.3392540e+001  1.0339322e+001  9.1341956e+000  1.2690182e+001  1.4911173e+001  1.7967327e+001  2.0148002e+001  1.8173428e+001  1.7937947e+001  2.1555619e+001  2.2586099e+001  2.1865365e+001  2.5396190e+001  2.6534803e+001  2.3449082e+001  2.3623512e+001  2.7262514e+001  2.6829158e+001  2.4320602e+001  2.6880853e+001  2.9551892e+001  2.7627002e+001  2.7948864e+001  2.4908040e+001  2.5785823e+001  2.6786484e+001  2.3801678e+001  2.1478097e+001  2.3710549e+001  2.3722374e+001  1.9957391e+001  1.9692122e+001  2.2175126e+001  1.9836268e+001  1.8373571e+001  1.4937800e+001  1.5675473e+001  1.7340368e+001  1.4715147e+001  1.1624439e+001  1.3755765e+001  1.1859845e+001  9.1859047e+000  1.2219750e+001  1.4357085e+001  1.2391892e+001  1.2728923e+001  1.6225648e+001  1.7309204e+001  1.6442297e+001  1.8728554e+001  2.1237995e+001  2.1751382e+001  2.0916587e+001  1.9674098e+001  1.6565726e+001  1.7726538e+001  1.4722093e+001  1.2728523e+001  1.5531084e+001  1.4285827e+001  1.1293390e+001
  1.5528082e+001  1.5272543e+001  1.3623250e+001  1.1381582e+001  1.0215805e+001  1.0132893e+001  7.9940256e+000  5.4396299e+000  5.7949157e+000  5.9888880e+000  3.7654252e+000  0.0000000e+000  3.8149974e+000  6.6877875e+000  1.0198874e+001  1.2279585e+001  1.3006535e+001  1.1660629e+001  1.2701709e+001  1.0990257e+001  1.2372025e+001  1.5513031e+001  1.6002545e+001  1.5487611e+001  1.4688460e+001  1.1514371e+001  1.0111764e+001  7.9137998e+000  5.8390675e+000  7.3409055e+000  1.0617163e+001  1.3131227e+001  1.5774969e+001  1.8432517e+001  1.9491567e+001  2.2066673e+001  2.2330830e+001  2.3237874e+001  2.0887486e+001  2.3430452e+001  2.3054442e+001  1.9241799e+001  2.0088271e+001  2.2679365e+001  2.0515579e+001  1.8066925e+001  2.1077373e+001  2.2464910e+001  1.9406947e+001  1.9311047e+001  2.3082169e+001  2.3401909e+001  2.3593448e+001  2.0269153e+001  2.0954172e+001  1.7423465e+001  1.5744956e+001  1.4733783e+001  1.4472772e+001  1.2123344e+001  1.4588980e+001  1.4673425e+001  1.0948585e+001  1.1634312e+001  1.4805268e+001  1.3606730e+001  1.1268914e+001  1.4444864e+001  1.6490477e+001  1.4527274e+001  1.4642356e+001  1.8264570e+001  1.9106754e+001  1.7877770e+001  2.0048928e+001  2.2932874e+001  2.2792484e+001  2.3212862e+001  2.6046391e+001  2.7776920e+001  2.7556693e+001  3.0729899e+001  2.9200715e+001  2.6136486e+001  2.7679858e+001  3.0126642e+001  2.7587908e+001  2.5311935e+001  2.8471129e+001  2.9497289e+001  2.6418417e+001  2.5783900e+001  2.2929440e+001  2.0495355e+001  2.1178921e+001  2.0841742e+001  1.7170064e+001  1.6913443e+001  1.8720216e+001  1.6676866e+001  1.3543284e+001  1.5584356e+001  1.6924345e+001  1.3672268e+001  1.2799432e+001  1.6340826e+001  1.8397751e+001  2.1462506e+001  2.3730860e+001  2.1869210e+001  2.1672858e+001  2.5257473e+001  2.6345205e+001  2.5611294e+001  2.9128088e+001  3.0191774e+001  2.7024099e+001  2.7197031e+001  3.0799345e+001  3.0223235e+001  2.7597739e+001  3.0155245e+001  3.2765627e+001  3.0630332e+001  3.1002301e+001  2.7807246e+001  2.8619556e+001  2.9905837e+001  2.7068389e+001  2.4546974e+001  2.6804037e+001  2.7101333e+001  2.3392503e+001  2.2894990e+001  2.5499334e+001  2.3275907e+001  2.1690459e+001  1.8379997e+001  1.8832686e+001  2.0209192e+001  1.7497566e+001  1.4387747e+001  1.6295234e+001  1.3893985e+001  1.1866875e+001  1.5295529e+001  1.6899749e+001  1.4683072e+001  1.5621566e+001  1.9142514e+001  1.9683985e+001  1.8826847e+001  2.1528377e+001  2.3834426e+001  2.3904606e+001  2.3058784e+001  2.1280426e+001  1.7829505e+001  1.8747131e+001  1.5995792e+001  1.3438538e+001  1.5470816e+001  1.3560087e+001  1.0336038e+001
  1.7336353e+001  1.6801193e+001  1.5175616e+001  1.2229009e+001  1.1609800e+001  1.2510464e+001  1.0167781e+001  7.0902894e+000  8.8054338e+000  9.5304240e+000  6.7166984e+000  3.8149974e+000  0.0000000e+000  3.8138475e+000  6.7106544e+000  9.4404445e+000  1.0903282e+001  1.0614576e+001  1.2691206e+001  1.1944363e+001  1.4255753e+001  1.7015736e+001  1.6778707e+001  1.5710304e+001  1.3996153e+001  1.0610544e+001  8.0928629e+000  5.2363413e+000  4.8955173e+000  7.6955988e+000  9.8365458e+000  1.2736052e+001  1.4633463e+001  1.7738276e+001  1.9431143e+001  2.1589598e+001  2.1826273e+001  2.2126516e+001  1.9368894e+001  2.1530991e+001  2.1432545e+001  1.7550705e+001  1.7751102e+001  2.0396322e+001  1.8526147e+001  1.5617414e+001  1.8256556e+001  1.9973597e+001  1.7028695e+001  1.6386269e+001  2.0071537e+001  2.0103234e+001  2.0288927e+001  1.6918241e+001  1.7801161e+001  1.4506305e+001  1.2381154e+001  1.1103103e+001  1.0684847e+001  8.5390610e+000  1.1329501e+001  1.1387325e+001  7.8614018e+000  9.2026102e+000  1.2444232e+001  1.1610697e+001  1.0054826e+001  1.3336102e+001  1.5377186e+001  1.4125131e+001  1.4846978e+001  1.8112503e+001  1.9041185e+001  1.8578753e+001  2.0807610e+001  2.3316912e+001  2.3477945e+001  2.4419874e+001  2.6980468e+001  2.8519764e+001  2.8714663e+001  3.2111773e+001  3.0968374e+001  2.7902251e+001  2.9211380e+001  3.1956119e+001  2.9735488e+001  2.7224967e+001  3.0227083e+001  3.1633365e+001  2.8697807e+001  2.8020584e+001  2.4913401e+001  2.2885596e+001  2.3771584e+001  2.2971415e+001  1.9317681e+001  1.9591485e+001  2.1083474e+001  1.8533538e+001  1.5852059e+001  1.8029862e+001  1.8694197e+001  1.5090023e+001  1.4747706e+001  1.8185344e+001  1.9729836e+001  2.2827480e+001  2.5191076e+001  2.3753401e+001  2.3826493e+001  2.7240029e+001  2.8534930e+001  2.8182214e+001  3.1648618e+001  3.3021722e+001  2.9962740e+001  2.9833332e+001  3.3487464e+001  3.3183489e+001  3.0445689e+001  3.2748249e+001  3.5562315e+001  3.3548290e+001  3.4170982e+001  3.1081030e+001  3.2103480e+001  3.3319165e+001  3.0342188e+001  2.8018922e+001  3.0343044e+001  3.0433890e+001  2.6665253e+001  2.6360073e+001  2.8803081e+001  2.6351471e+001  2.4565147e+001  2.1341657e+001  2.2184885e+001  2.3446081e+001  2.0470957e+001  1.7662425e+001  1.9874647e+001  1.7647532e+001  1.5545280e+001  1.8837357e+001  2.0631447e+001  1.8349767e+001  1.9012021e+001  2.2623596e+001  2.3228012e+001  2.2070987e+001  2.4693033e+001  2.7207228e+001  2.7169958e+001  2.6011107e+001  2.4199577e+001  2.0736854e+001  2.1938040e+001  1.9457028e+001  1.6608920e+001  1.8396090e+001  1.6447963e+001  1.3030585e+001
  2.1136878e+001  2.0470701e+001  1.8595565e+001  1.5677807e+001  1.5372250e+001  1.6103841e+001  1.3427800e+001  1.0735579e+001  1.2301891e+001  1.2377898e+001  9.0543815e+000  6.6877875e+000  3.8138475e+000  0.0000000e+000  3.7861038e+000  5.7347622e+000  7.5020437e+000  7.6063965e+000  1.0422302e+001  1.0797126e+001  1.3669650e+001  1.6121681e+001  1.5063930e+001  1.3963586e+001  1.1691631e+001  8.7794574e+000  6.0247746e+000  4.7013306e+000  6.6552093e+000  8.5149528e+000  9.8044534e+000  1.1998347e+001  1.3072848e+001  1.6033187e+001  1.7824164e+001  1.9425364e+001  1.9248390e+001  1.9208974e+001  1.6177297e+001  1.8362028e+001  1.8716631e+001  1.4867673e+001  1.4795788e+001  1.7807595e+001  1.6469814e+001  1.3456221e+001  1.6050202e+001  1.8268658e+001  1.5870637e+001  1.5149185e+001  1.8670277e+001  1.8161737e+001  1.7730412e+001  1.4195108e+001  1.4541626e+001  1.1154386e+001  9.2439722e+000  8.9452956e+000  9.5419245e+000  8.8085742e+000  1.1960347e+001  1.1210661e+001  8.1640905e+000  1.0817393e+001  1.3501750e+001  1.2271022e+001  1.1819925e+001  1.5341078e+001  1.6736986e+001  1.5568334e+001  1.7079922e+001  2.0140722e+001  2.0560997e+001  2.0432543e+001  2.3056911e+001  2.5178064e+001  2.5062337e+001  2.6415318e+001  2.9056250e+001  3.0183366e+001  3.0347321e+001  3.3836591e+001  3.2771422e+001  2.9943920e+001  3.1453829e+001  3.4363695e+001  3.2260649e+001  2.9906821e+001  3.3019885e+001  3.4538236e+001  3.1766821e+001  3.1348266e+001  2.8327573e+001  2.6350093e+001  2.6969841e+001  2.6040082e+001  2.2506875e+001  2.2564725e+001  2.3700658e+001  2.1133583e+001  1.8454179e+001  2.0129424e+001  2.0505014e+001  1.6842929e+001  1.6140672e+001  1.9187021e+001  2.0737778e+001  2.4100696e+001  2.6101152e+001  2.4707438e+001  2.5341722e+001  2.8717248e+001  2.9753235e+001  2.9757729e+001  3.3316467e+001  3.4882136e+001  3.2050789e+001  3.2024410e+001  3.5737223e+001  3.5629502e+001  3.3091700e+001  3.5398766e+001  3.8284386e+001  3.6467805e+001  3.6953745e+001  3.3942344e+001  3.4817983e+001  3.5786170e+001  3.2770086e+001  3.0465010e+001  3.2505943e+001  3.2385079e+001  2.8622902e+001  2.8131082e+001  3.0222172e+001  2.7503126e+001  2.5269552e+001  2.2400366e+001  2.3548313e+001  2.4301363e+001  2.0975087e+001  1.8690531e+001  2.1319203e+001  1.9510284e+001  1.7681131e+001  2.0890578e+001  2.2971557e+001  2.1117259e+001  2.1770830e+001  2.5254280e+001  2.6164485e+001  2.5246211e+001  2.7684947e+001  3.0206963e+001  3.0442106e+001  2.9413104e+001  2.7750432e+001  2.4325265e+001  2.5386201e+001  2.2680730e+001  2.0053455e+001  2.1829684e+001  1.9592735e+001  1.6384995e+001
  2.3509748e+001  2.2642275e+001  2.0814560e+001  1.7592681e+001  1.7669915e+001  1.8903674e+001  1.6205131e+001  1.3433486e+001  1.5511372e+001  1.5862372e+001  1.2480153e+001  1.0198874e+001  6.7106544e+000  3.7861038e+000  0.0000000e+000  3.8336111e+000  6.8800214e+000  8.7062787e+000  1.2172935e+001  1.3343478e+001  1.6624799e+001  1.8600181e+001  1.7027788e+001  1.5458756e+001  1.2447247e+001  9.8229560e+000  6.3783209e+000  5.4367598e+000  8.7560131e+000  1.0885819e+001  1.0935083e+001  1.3090842e+001  1.3160188e+001  1.6344833e+001  1.8698433e+001  1.9754117e+001  1.9567699e+001  1.8806311e+001  1.5420718e+001  1.6975758e+001  1.7697219e+001  1.3989312e+001  1.2982869e+001  1.5972827e+001  1.5157946e+001  1.1702381e+001  1.3605029e+001  1.6271363e+001  1.4248253e+001  1.2836416e+001  1.6049635e+001  1.5048204e+001  1.4479005e+001  1.0879972e+001  1.1432215e+001  8.5244212e+000  5.8414479e+000  5.4674345e+000  6.4181030e+000  7.0446307e+000  1.0192685e+001  9.1301315e+000  7.2009908e+000  1.0493250e+001  1.2656884e+001  1.1869239e+001  1.2460342e+001  1.5679878e+001  1.6847379e+001  1.6415724e+001  1.8363873e+001  2.0942075e+001  2.1372607e+001  2.1903471e+001  2.4487989e+001  2.6210598e+001  2.6340685e+001  2.8101779e+001  3.0459784e+001  3.1383071e+001  3.1899705e+001  3.5523555e+001  3.4803051e+001  3.2017279e+001  3.3314249e+001  3.6434884e+001  3.4616956e+001  3.2108268e+001  3.5059816e+001  3.6872152e+001  3.4245587e+001  3.3811195e+001  3.0638478e+001  2.8985938e+001  2.9734242e+001  2.8471906e+001  2.5012669e+001  2.5434984e+001  2.6337332e+001  2.3461262e+001  2.1163864e+001  2.2914326e+001  2.2800289e+001  1.9032880e+001  1.8760646e+001  2.1621194e+001  2.2701458e+001  2.5973496e+001  2.8005256e+001  2.7003276e+001  2.7820021e+001  3.0994457e+001  3.2195038e+001  3.2502450e+001  3.5976639e+001  3.7782912e+001  3.5053678e+001  3.4778752e+001  3.8504544e+001  3.8620173e+001  3.6002776e+001  3.8089499e+001  4.1127217e+001  3.9421247e+001  4.0110477e+001  3.7193619e+001  3.8243939e+001  3.9154310e+001  3.6030941e+001  3.3894216e+001  3.6001282e+001  3.5718254e+001  3.1926312e+001  3.1610252e+001  3.3584776e+001  3.0722691e+001  2.8399585e+001  2.5610717e+001  2.7016981e+001  2.7738745e+001  2.4306206e+001  2.2225790e+001  2.4989065e+001  2.3271669e+001  2.1335859e+001  2.4441311e+001  2.6631939e+001  2.4693925e+001  2.5146736e+001  2.8693714e+001  2.9644573e+001  2.8498175e+001  3.0867924e+001  3.3546647e+001  3.3706998e+001  3.2441671e+001  3.0779686e+001  2.7372476e+001  2.8648342e+001  2.6125738e+001  2.3317210e+001  2.4981446e+001  2.2796587e+001  1.9484778e+001
